1|10112016|NathanBoJangles|MN|0.06875|Wood|-100|-515.00|-475.00|-68.0625000|-1058.06
2|10112016|||0.05|Laminate|100|175.00|210.00|19.2500|404.25
3|10112016|NateBoJangles|MN|0.06875|Laminate|100|3|175.00|210.00|26.4687500|411.47
4|10112016|||0.05|Laminate|100|4|175.00|210.00|19.2500|404.25
5|10112016|NateBoJangles|MN|0.06875|Laminate|100|5|175.00|210.00|26.4687500|411.47
6|10112016|||0.05|Laminate|100|6|175.00|210.00|19.2500|404.25
7|10112016|NateBoJangles|MN|0.06875|Laminate|100|7|175.00|210.00|26.4687500|411.47
8|10112016|||0.05|Laminate|100|8|175.00|210.00|19.2500|404.25
9|10112016|NateBoJangles|MN|0.06875|Laminate|100|9|175.00|210.00|26.4687500|411.47
10|10112016|||0.05|Laminate|100|10|175.00|210.00|19.2500|404.25
